zad4.0
9261
568
909
1543
3345
903
53
344
1156
9211
102
3688
546
19
7438
9453
315
951
5235
909
943
56
18
569
581
77
392
751
51
193
5534
354
76
974
12
13
774
743
742
763
951
184
765
929
127
338
334
115
132
155
137
741
18
1822
508
192
989
376
155
753
917
305
992
149
763
332
12
398
725
989
133
53
119
985
119
192
555
555
177
555
3456
163
3456
14
731
195
342
96
397
96
178
91
776
112
167
142
922
576
195
122

zad4.1
1156
102
51
765
119
119
731

zad4.2
1129 8082

zad4.3
157
31
347
929
941
761

zad4.4
85 13 1
